The loaded in files are: 
C:/Users/tul72/Box/aeml/experiment_data/robustness/filtered/20220711_01.json
C:/Users/tul72/Box/aeml/experiment_data/robustness/filtered/20220711_02.json
C:/Users/tul72/Box/aeml/experiment_data/robustness/filtered/20220711_03.json
C:/Users/tul72/Box/aeml/experiment_data/robustness/filtered/20220711_04.json

Random seed: 
2

Train indices: 
1598 637 1403 686 1292 1249 1763 1809 601 1826 1312 170 45 214 2243 2075 1939 805 1084 1131 2192 1060 1642 1774 2291 775 42 1847 1806 336 1640 896 1357 785 2177 1830 2219 817 646 1018 1622 292 563 1845 971 1182 2113 754 1915 884 1136 1654 364 2013 1117 1991 725 1099 671 1901 1264 2152 741 1109 448 1684 2092 2030 730 974 468 1049 663 1725 1004 2180 816 297 1727 1829 997 2196 1273 517 278 1514 1122 681 1432 152 1345 1417 1112 2288 1516 252 919 493 2014 838 651 454 54 1988 425 111 1966 1942 61 1817 1707 577 2115 183 1595 593 2043 623 1695 1960 1932 1229 1414 160 1705 507 1140 1391 173 70 1884 1831 1458 1716 186 1656 659 2046 1161 2005 1663 2258 1689 1401 2302 1694 645 1324 445 1590 1844 220 748 258 786 533 1236 1128 2058 266 1342 837 211 1048 2126 545 476 280 1248 1017 920 1752 722 1379 1124 703 848 327 1470 1631 5 846 68 543 1713 1134 1958 2039 1175 1313 423 1315 1087 2187 1246 1533 592 766 1377 1270 1119 2169 586 733 795 508 854 250 2212 1934 614 749 511 131 1332 662 796 1069 1238 1322 46 1701 377 2251 762 966 1269 2117 624 1836 1125 1738 2144 499 562 1976 1772 89 1437 370 461 4 605 907 1173 929 1207 695 350 71 687 2157 2080 617 2003 2024 810 1539 1855 1364 1649 2124 532 1291 386 2035 1233 1914 438 1659 1384 1085 1180 1330 1627 1485 24 2134 1810 397 1724 599 1283 1434 1351 1428 1587 1075 569 1550 127 2222 530 406 807 1040 958 2067 362 1610 1257 1691 1363 407 1760 501 2203 2100 1505 236 773 1310 946 324 1596 581 1786 598 1669 1639 1000 1564 661 1494 1561 462 1567 1016 2237 323 2 1792 826 2254 655 1662 2163 1953 1626 1577 768 254 1677 1541 275 2207 1062 610 1875 998 1380 1879 351 367 989 1157 835 1731 876 632 1055 2175 14 1006 1841 834 84 515 520 555 1375 1341 230 2242 1768 1299 638 2020 1860 706 684 208 1337 594 1708 538 341 1039 391 613 616 1133 525 1212 1183 335 1005 879 2082 909 251 534 1510 1407 1286 192 1521 1582 318 2250 139 428 253 141 698 1137 1251 1050 1402 489 676 1750 1479 1519 992 344 169 591 1625 116 904 1571 719 855 1422 2289 410 334 53 839 2055 15 1163 1757 2300 311 1359 2110 1978 305 394 93 1447 2249 497 627 1228 899 142 2032 1433 41 115 500 102 1466 938 813 1893 547 450 1147 1185 1941 2017 1823 625 565 1285 707 198 1013 13 1687 39 621 1410 1983 114 1336 257 479 1886 1916 28 150 1162 58 611 602 1355 1008 1781 570 984 1462 412 241 2255 1554 1741 1281 1408 1325 1419 1947 780 669 1220 1599 1154 490 1667 1616 155 30 1208 2050 1747 472 66 135 1964 1892 1531 2215 1549 1992 1602 1219 1178 1319 710 2072 2238 1801 649 380 2068 667 2195 1692 1824 721 218 1152 728 1998 996 2156 255 1789 608 2235 338 288 2209 1961 1751 174 0 2044 811 1426 1240 248 2079 1063 1898 753 1597 679 2159 1012 1995 9 421 847 396 1690 1588 1552 995 1276 122 842 878 921 1271 615 1247 542 1672 2090 1429 759 105 337 1201 1876 1034 1525 1225 1230 1166 31 1511 156 2041 1032 67 2148 55 865 1145 303 757 2147 1388 1863 2173 2303 883 11 328 2191 256 1638 2171 1362 2253 376 1451 2233 457 1420 343 1779 1317 1372 2297 777 2246 502 1235 1222 1344 409 634 26 162 268 1852 284 1227 1435 709 999 1972 1874 226 1517 165 1026 1153 1715 400 2279 1358 446 912 1177 225 949 2167 1560 527 1368 791 947 72 1912 399 1853 195 1816 1194 1882 216 922 1167 378 223 161 1526 894 536 481 1132 513 1512 1360 596 1756 1197 8 892 914 552 2053 1568 588 1333 832 2199 1135 731 1480 1100 1245 402 2135 395 1581 1301 426 782 1620 316 529 1503 1290 1387 272 1872 178 1551 789 1930 197 1967 444 925 33 2071 1697 1011 432 113 871 1981 1305 863 2216 917 2179 1427 2205 745 133 171 1265 44 2149 1150 1169 246 1780 361 1170 764 1347 576 1546 403 1563 352 887 237 800 1931 2210 1314 2066 1585 1621 243 1820 1950 1209 321 1237 74 2276 690 1065 1917 2004 181 2132 1193 1664 1959 2045 1400 1158 553 1356 1720 1079 228 885 1791 1815 1759 1668 387 1617 1418 43 841 120 964 1580 1097 1130 1840 1962 1397 849 38 672 665 420 1160 447 1052 191 2296 1650 985 235 1168 1507 743 585 1083 91 1328 548 694 580 794 307 1558 1704 1146 1999 982 1205 840 1778 117 1366 154 1216 65 304 2074 1624 1288 366 693 2137 1198 755 140 1438 771 1399 2229 75 1231 153 654 348 1643 770 20 779 566 1172 1352 1935 1795 2026 2174 1148 1191 2170 1949 872 1093 516 2261 1278 1423 106 2211 121 330 29 1192 1354 159 1702 2105 1279 1335 716 1308 314 650 2119 1675 1138 233 1214 63 1736 470 345 713 1865 1210 202 2102 315 600 1762 2214 1920 1415 2093 1652 1848 1374 560 27 1548 293 299 1680 1661 2146 918 1951 2166 1985 1699 1487 2247 151 1787 1798 1869 1404 464 788 1378 900 1903 2295 180 1968 981 77 124 389 483 2252 584 36 312 118 1975 1025 1058 22 856 1666 404 1244 189 758 201 1346 797 467 1258 636 1 222 720 1483 939 2241 1454 2230 1843 629 1190 864 373 1349 368 1761 1464 1184 1506 331 1056 544 814 1711 959 429 1907 1042 1202 761 1453 495 751 2129 1031 175 2088 1532 1842 1298 1066 1771 1104 670 456 416 1877 10 1226 1078 675 2127 104 1509 2138 2184 1980 705 1767 1885 910 482 823 983 164 666 365 831 1578 2145 1213 1800 234 207 1681 1255 2006 820 1896 1489 541 1766 1928 1430 540 1307 1974 2202 2168 836 356 478 1679 2200 714 1726 926 1982 184 931 1067 1864 886 239 792 2054 1035 224 859 740 590 943 326 1095 1615 945 1068 747 935 1500 506 554 1522 977 1924 49 1777 873 1653 1293 2140 1203 1196 551 1311 866 385 1899 962 1718 1619

Valid indices: 
1923 1318 383 1623 47 298 1542 261 1770 1206 913 1243 901 1963 374 1498 1608 941 265 1819 317 259 874 1195 1910 1059 2010 107 453 2150 1553 2257 830 1515 210 1709 1126 1700 496 2181 227 1919 2248 1883 449 1851 1502 82 40 1802 371 2272 2223 92 2244 372 1613 1340 877 891 1037 1504 1648 2197 1094 715 16 888 2204 90 52 1753 1043 579 979 564 2114 712 219 1632 199 696 727 1139 2201 1989 549 2193 635 1405 1425 895 279 177 1969 1871 2099 604 1944 1518 2021 2063 658 422 290 264 85 1320 1954 50 2060 452 1827 143 1376 1009 1064 739 1818 1733 206 558 1054 473 822 881 793 1584 2188 1113 1234 1574 1488 1090 2284 458 492 1496 583 778 1530 1586 1717 933 244 1644 1922 1576 2290 510 1977 2062 1744 436 1952 833 1973 802 1925 1557 1728 1266 415 465 1353 1156 309 486 980 1014 168 1441 571 915 1589 1696 2194 769 2234 1807 1633 1446 270 1176 1443 1799 37 963 2025 2285 1660 702 524 1092 653 119 2031 405 59 25 2218 1468 1096 424 1748 1846 1593 1452 1339 1260 2121 965 1495 1239 756 1386 144 633 1513 1946 961 393 911 975 1685 390 1259 521 2189 969 1937 708 1566 916 349 1984 1600 411 1076 1215 1583 1793 535 682 857 439 32 1463 1303 249 1350 1476 932 1794 1367 850 845 138 1880 2293 567 664 1956 427 1673 1289 950 1406 1535 1657 1114 1421 1302 1703 2091 401 1411 2087 1895 1224 295 459 2273 1105 973 537 48 1814 2158 1321 80 1187 1758 398 2220 1477 1129 1232 2077 212 1838 1120 2009 281 1439 861 469 573 2016 1080 1636 557 968 204 1151 2022 612 642 815 267 1537 1948 882 697 609 1630 772 2136 2084 1284 310 215 1046 333 1755 1038 1562 1469 806 1921 1275 2160 1693 1282 440 1261 108 433 1943 1861 505 1592 1106 269 1796 2023 760 286 488 1082 2155 691 1754 12 2217 1868 2164 123 1110 1028 2011 283 62 1144 285 2118 132 494 972 2048 953 1783 688 188 1371 2012 1997 51 354 451 1996 1369 217 518 18 1614 1909 626 1765 1729 358 1024 1392 242 262 1835 924 221 94 927 1074 1878 843 346 930 1416 821 2185 1361 1103 1045 1204 185 1223 1905 1115 2294 2107 2245 970 1569 803 1890 466 2019 2292 2047 1573 1607 2299 238 1181 1071 657 271 556 1594 2240 880 129 1887 294 2176 2069 1572 1986 763 689 95 1250

Test indices: 
2260 491 1448 504 2282 701 1749 512 738 2265 2037 514 678 1788 1605 291 194 1784 413 647 736 2224 1306 1710 582 1108 2061 1217 484 2231 1111 1858 893 1334 1911 1683 2103 735 342 718 213 57 260 1734 644 381 179 976 902 724 1775 357 2033 809 1785 2190 2183 1979 2281 1274 1089 1722 1467 1543 1294 1442 1461 1538 818 1520 2161 2094 1413 1189 1828 1938 1474 574 700 1534 1686 2262 819 774 1296 1127 1655 2034 1746 277 1628 287 1730 379 765 1891 1540 388 960 487 203 325 668 2213 442 1309 1723 1471 274 2028 597 905 2042 340 2232 2038 1957 158 2000 652 437 746 776 1813 1676 1803 1739 1971 125 568 1070 475 1149 937 477 83 630 182 1287 1033 1634 306 1742 1737 1086 2015 801 2049 1297 2287 190 1721 2154 1933 1316 1338 639 1629 1323 683 622 641 2086 528 157 619 1456 1102 2059 990 273 2239 1020 631 1385 1782 418 906 1155 1900 1740 1101 69 750 3 957 2128 578 2073 1970 603 1383 1894 781 1022 332 110 2198 2029 1769 1706 1612 1280 1382 2162 828 1606 1536 1555 1850 2270 1544 1256 163 56 942 1029 1797 546 940 685 2178 993 1211 1545 134 1913 2052 1714 1906 994 6 717 149 2106 419 1459 956 355 1159 2130 1927 987 889 1389 1254 2182 282 2083 1646 1003 2143 1188 1200 2267 1929 2116 1641 1570 1142 1670 798 205 1811 441 1854 790 1241 1165 1493 443 825 35 193 2109 363 2271 954 1808 1856 1457 2278 951 640 23 1873 1300 1804 2221 1365 1671 824 2226 1272 1091 460 1486 1745 1678 1559 166 1348 1867 2070 1460 677 1121 737 2275 1326 1444 844 1918 1497 1455 519 829 561 988 109 1044 804 369 1508 1805 784 1218 1987 60 1472 903 955 296 1492 1174 1565 1603 734 1790 827 480 1440 1940 2274 322 1832 2301 526 1053 1465 509 1057 2277 2227 867 1547 1945 1107 319 229 587 1073 353 898 674 1394 1812 1373 1450 2018 799 606 263 76 1327 1658 1395 1833 1866 2186 2036 136 1839 853 1651 300 1116 360 729 2125 196 1179 2123 2027 1199 172 1881 1431 1390 1424 875 1123 531 1221 1001 320 2064 808 607 1393 2098 1007 1908 858 1647 1490 1955 2131 978 1773 1077 991 550 767 1635 289 936 2101 732 595 1019 1445 1481 88 1591 1926 101 431 868 1601 1370 2133 503 2057 1041 498 1618 1412 572 2076 1604 1529 474 787 2008 897 313 1252 1527 98 1164 21 302 852 1897 1990 1682 245 1849 64 812 1253 2112 414 1688 78 2298 1524 1186 2225 485 79 1499 2236 384 742 1712 209 87 2095 1743 1776 860 870 2280 1268 1859 1902 100 890 430 2141 2264 81 408 2165 986 359 2097 455 656 1674 1575 145 618 19 1141 2208 1051 2266 934 329 1027 301 1821 952 1010 128 2081 948 1857 392 699 2256 539 137 1036 2206 575 73 1719 1072 1061 1396 589 1343 2108 1994 1609 2122 522 1834 99 417 1295 382 923 1936 628 1645 1081 187 1837 1263 126 2001 1381 1171 463 1409 17 148 620 1015 176 1579 7 2142 752 643 523 1047 1528 86 167 103 276 471 339 96 1021 704 1475 1484 232 130 1732 247 862 1002 1088 2269 2139 435 928 1118 200 240 434 783 34 1398 308 1501 2096 2002 851 1277 1665 2078 2120 2065 1242 1267 1965 2286 680 1329 908 1993 1870 1436 1888 1862 2259 2111 2051 2040 1143 2007 1023 2172 1889 1637 660 2263 1482 1449 2283 2151 1698 1825 744 2104 1473 2268 2089 559 711 1331 723 97 944 967 726 673 2153 1735 1556 1304 1904 1491 112 147 1098 2056 1822 2228 1523 2085 1611 1764 648 146 869 1030 1262 692 1478 347 375 231
