The loaded in files are: 
('C:/Users/Kiran/Box/aeml/experiment_data/robustness/filtered/20220711_01.json', 'C:/Users/Kiran/Box/aeml/experiment_data/robustness/filtered/20220711_02.json', 'C:/Users/Kiran/Box/aeml/experiment_data/robustness/filtered/20220711_03.json', 'C:/Users/Kiran/Box/aeml/experiment_data/robustness/filtered/20220711_04.json')

Random seed: 
2

Train indices: 
2199 1541 599 1022 815 578 1024 1775 1396 2146 88 1609 2136 1946 600 1757 2181 1619 1037 1377 786 1752 49 1360 2164 1743 1435 1976 1978 986 805 1415 1570 1368 1818 40 1172 670 42 1578 1732 422 284 1817 1741 1438 1441 1235 387 962 410 1162 778 802 2135 1009 1185 263 414 98 248 988 2157 1183 997 278 2005 437 80 2001 961 1571 2205 657 376 958 615 97 1146 659 2123 1034 807 623 62 1148 1039 428 1736 1803 614 1970 639 1003 401 45 417 1769 2 787 1998 628 620 777 264 1364 1397 1023 995 2121 214 672 448 969 234 1411 409 1958 1948 1205 1008 261 280 1228 2128 2169 1211 1199 1984 774 469 664 1434 1744 1922 1233 1746 1540 1944 450 1576 829 1229 70 255 2110 1926 1802 22 2154 424 26 2192 37 57 1245 2166 1021 1237 972 1032 265 953 7 1739 1549 2186 2167 1165 1763 1985 2143 242 1432 1791 2180 219 1395 1552 1152 269 1221 1224 13 92 1565 823 2113 1753 795 1012 980 207 1204 96 662 426 1225 1927 2156 1925 653 393 1952 2204 266 35 1794 1157 1382 2201 1027 1406 287 1999 2004 1191 2196 844 985 583 235 833 260 90 1604 798 1016 226 1822 963 2133 1401 1762 2138 1551 1240 1600 1404 440 1187 831 464 1207 643 461 1756 587 85 825 1735 634 1618 838 835 9 1561 1158 276 804 607 824 595 29 1624 55 14 6 2174 1738 1174 1783 1150 1423 955 50 1209 1427 590 2150 654 665 848 1582 1620 2127 431 2189 277 1759 808 237 60 1226 1787 983 447 1765 415 66 793 391 859 1374 78 1387 1442 1799 791 790 259 2115 846 443 271 230 845 581 81 1761 1993 1772 1558 1982 1977 1786 1020 1164 1000 1198 1777 1939 1579 1601 2198 1402 1957 2158 1416 1222 1437 381 1440 67 996 1166 1593 1394 817 449 1572 93 399 82 1409 1560 660 1621 1010 1814 2147 200 89 849 1212 216 439 1945 445 1599 584 1215 772 854 1014 1808 227 203 285 626 1362 1210 1755 2122 262 1930 1030 1562 52 1408 392 832 1782 390 830 1447 408 1932 990 429 0 965 1996 1203 404 1789 1615 2010 2137 633 58 818 1633 1421 991 1241 1373 220 15 1144 221 1419 33 1969 54 1013 2153 1190 1574 604 1953 1734 839 1047 12 828 394 611 1234 640 411 1429 667 1563 813 588 780 39 1989 1959 1365 210 1967 1160 1630 272 1414 23 1798 1613 776 789 840 811 1371 1961 784 967 2012 842 1403 267 46 1163 1176 1236 992 2195 2120 1792 964 1015 2202 779 27 2006 781 1170 2178 65 663 658 209 1728 1153 981 1424 427 421 1553 806 454 1590 1242 240 2187 1737 31 1042 1426 1189 1043 1361 47 959 1589 473 2148 87 1445 1386 1585 1001 971 1356 2002 577 379 252 785 1776 820 1428 436 1045 2194 956 2145 1028 1742 247 652 603 1376 388 635 1795 75 1180 622 1420 1928 648 1379 279 610 250 851 86 1990 1778 1972 1805 2149 1186 463 1145 1367 1564 1542 2144 861 91 273 1029 71

Valid indices: 
621 1033 773 1920 957 383 594 1192 1973 458 64 419 656 1156 1748 2184 602 1388 1617 1610 229 834 1184 797 1390 1543 77 1811 212 998 2116 1038 2155 1002 1588 41 253 241 1956 585 2124 1623 1206 2190 1594 1779 1625 1821 1177 1358 1169 467 978 1040 1167 2132 860 418 1819 1219 433 1749 51 470 2131 1602 1223 1 434 2151 1147 10 668 1159 466 1545 2011 598 205 1815 258 1809 661 1231 2172 1197 231 28 1767 1954 987 1766 1019 1936 1238 217 475 1968 1806 1375 1801 788 1774 609 53 1965 1587 1933 1243 245 1992 423 244 1991 1036 68 74 1208 783 1781 822 1417 799 1550 1612 56 800 1616 1981 1232 613 2173 649 671 1407 1178 11 2163 1980 438 1567 624 1785 2126 1780 1813 1244 1196 2141 1436 2177 2159 1006 1216 632 1603 1569 994 1934 204 1962 2000 616 1547 83 30 857 1747 1773 580 61 1384 1568 954 625 2176 593 2203 977 1966 637 968 2109 2179 836 1433 2134 591 396 1151 2117 608 1745 1195 827 1605 1592 850 1554 852 413 38 281 453 1804 218 1581 582 2139 612 1381 222 1598 63 856 73 236 471 451 468 1733 2142 1614 84 1940 592 1413 1026 1161 452

Test indices: 
1943 1611 2162 2191 1929 2003 1935 989 1400 576 1764 1383 1155 1949 1784 1041 44 843 1921 430 1994 1790 1214 465 1249 1555 274 1359 2007 1444 407 1025 974 406 1559 1370 819 1606 1200 638 1556 1399 1797 400 775 1942 2008 803 228 645 1213 1220 1631 1149 5 1446 246 76 792 1770 1937 2183 1575 211 1758 1017 16 1031 444 841 1046 782 1171 1412 385 1577 1248 1227 1173 1398 462 1154 1392 99 403 2112 19 1391 1931 1007 435 378 617 1239 2118 1583 202 1591 69 21 2193 1731 1740 1011 651 794 2182 457 1974 1544 275 2129 1175 1597 1771 441 2114 25 801 389 1595 1430 618 20 384 1632 960 239 2160 1964 395 596 1573 1548 36 1983 4 673 2119 999 1729 456 976 1385 631 1988 1005 858 257 812 79 232 970 225 1751 636 952 966 32 1443 630 1425 1960 816 268 1975 380 606 597 416 34 973 208 442 425 2009 472 18 286 1584 94 982 979 1366 1995 1628 579 1193 2108 1938 1557 847 72 2111 412 1596 1230 855 1754 24 386 1044 1181 459 432 377 809 1607 1924 589 627 254 1218 1566 821 984 1410 243 1405 2200 213 1626 446 59 810 460 8 224 1168 1947 238 837 3 1393 1179 975 1963 669 43 233 201 420 814 601 2175 1950 1369 642 647 398 215 1201 405 1586 1941 2125 2171 1979 1760 2140 382 402 796 1546 17 455 586 655 1816 1627 1580 256 1018 1807 1971 1800 95 251 1608 2188 1357 282 1750 1622 1422 474 2013 1418 2161 1823 1793 1788 2152 1629 1951 1997 1431 1004 1188 2165 646 629 2185 1986 1035 1247 1389 1820 641 2170 1812 993 1372 283 1378 48 1768 1923 1380 1194 1987 1202 826 270 1439 650 206 2197 2130 1796 1246 2168 666 1810 853 1217 1182 223 1730 1955 249 1363 644 605 619 397
